0.8030531397384219 -0.2912308591674707 -0.3952969079370489 -0.20324215587444142 -0.4015261817381665 -0.39805976944809135 -0.1371474717773899 0.9806295272143986 -0.22084718941099055 -0.20872618726350475 -0.25859710631401267 0.9279029635416 -0.199626051049606 -0.2826134250799888 -0.414708007587107 -0.39185412980107653 0.8718171493515875 0.9525108044513261 -0.25063682011994537 -0.26860885723535466 -0.2499880461558036 -0.07080556890662541 -0.27951068743254126 -0.1928414009730035 0.9781616922584017 -0.20228015263934415 -0.19592830064422015 
-0.2912308591674707 0.5653005035180058 0.10989260461841946 -0.04186849116675614 0.0846400080253906 0.09306480239153554 -0.07196207572961118 -0.38187418852196303 -0.04718925433726582 -0.04722757007500148 0.4210817156105789 -0.3680186552754998 -0.06150025318431867 0.46383905444826046 0.07816240530465476 0.11211426540191434 -0.3443678871371058 -0.38085259481196754 -0.03791400466407795 -0.049280560365152486 0.3663197859953142 -0.09018811530043282 0.443612131818288 -0.04301592058536194 -0.391579643713071 -0.04386853516803863 -0.04608866792926865 
-0.3952969079370489 0.10989260461841946 1.3225468262413387 -0.37431546767306484 1.0158240465378785 1.0697784498044962 -0.2132765353896371 -0.4309740722027969 -0.2697843879069463 -0.3955469315097023 -0.08930679749675327 -0.4306811712137757 -0.3779464486308539 0.004440991689415548 0.8859655083824227 1.1423120736889598 -0.4262514767236973 -0.4246009865486846 0.003655323837709753 0.1694967351008656 -0.07554211068550332 -0.279782879207188 0.030156917109485946 -0.37124478346310924 -0.4564578965257121 -0.3714555183325684 -0.37160510556394727 
-0.20324215587444142 -0.04186849116675614 -0.37431546767306484 0.650871616010858 -0.3449666076836145 -0.3592833093122789 0.1978899008830059 -0.44401401357966064 0.48665249252923215 0.5602869755735749 0.0633844885312613 -0.41148206056352565 0.5162927968236865 -0.03510385012794972 -0.32178655464209116 -0.3658869446605558 -0.3841175488442978 -0.44811780898701775 0.008969421241339402 -0.22812429670757917 0.07518341983294216 0.26937978494660736 -0.03112885036174295 0.5015892493123353 -0.44656953703700547 0.5555299402293007 0.5539774113074373 
-0.4015261817381665 0.0846400080253906 1.0158240465378785 -0.3449666076836145 1.1717943225228886 1.0864192230879313 -0.1914206597666067 -0.4529785808659278 -0.21683638056307072 -0.34527258573798625 -0.09822046421163287 -0.4653690676623182 -0.33430968809987016 -0.023473798551911732 1.0063461938749327 0.9979418983594746 -0.4336421926569422 -0.44418227535356963 0.04462802291660482 0.20094721269341986 -0.0983518330238176 -0.26879603294001364 -0.008275005510405133 -0.34002217208508423 -0.4707688810417181 -0.33432594039077757 -0.33580258013508835 
-0.39805976944809135 0.09306480239153554 1.0697784498044962 -0.3592833093122789 1.0864192230879313 1.1857115438407995 -0.19519178484689187 -0.4401868480375221 -0.24286175658750864 -0.37101861313250123 -0.10365718801763857 -0.4467002539591519 -0.358920447257149 -0.01643901032786502 0.9958591398874077 1.0485223642781294 -0.44075724880668277 -0.4369919759851083 0.04588159400197571 0.22186400576570664 -0.09366974975398389 -0.28064439215225834 -0.006331658782793913 -0.37401710632348484 -0.4576512660900577 -0.36195856511583907 -0.36276017912117253 
-0.1371474717773899 -0.07196207572961118 -0.2132765353896371 0.1978899008830059 -0.1914206597666067 -0.19519178484689187 0.4130382049140833 -0.2901711365201834 0.13288831497739229 0.2189998976294173 -0.020520189770031384 -0.26865472169016424 0.22538481798677457 -0.0588012444112531 -0.158147755056836 -0.21712117943960044 -0.25790412589924633 -0.27317559574490635 0.30953828531735483 0.4024035331676163 -0.025256848595860106 0.20755823569310108 -0.059392516076517805 0.2090588188920127 -0.27492158041278075 0.19779474156426596 0.19851067010249446 
0.9806295272143986 -0.38187418852196303 -0.4309740722027969 -0.44401401357966064 -0.4529785808659278 -0.4401868480375221 -0.2901711365201834 1.6692808990692263 -0.4570450547385132 -0.4573623709066794 -0.39294321973665164 1.4028487276921626 -0.4039523126484059 -0.3519988498947161 -0.4850401868175482 -0.43144921153235 1.3581786285992428 1.4692531271575955 -0.42455750437400325 -0.4421275157484666 -0.3589618094465167 -0.1826232507775666 -0.3577413282595287 -0.39231074774647134 1.5635348557126731 -0.43481481769201236 -0.43059874539781395 
-0.22084718941099055 -0.04718925433726582 -0.2697843879069463 0.48665249252923215 -0.21683638056307072 -0.24286175658750864 0.13288831497739229 -0.4570450547385132 0.7105114944632767 0.47445587469693384 0.046065018599312085 -0.4306844890089694 0.4107359467886211 -0.03953194776798046 -0.21818030254490475 -0.2587134566046388 -0.41108953552189903 -0.45473354787864756 0.0337528873694107 -0.13847954530284642 0.05845759723968009 0.1959400453510983 -0.03294038710661772 0.3884669674889059 -0.4547997697873424 0.4784031647186942 0.47738720084558717 
-0.20872618726350475 -0.04722757007500148 -0.3955469315097023 0.5602869755735749 -0.34527258573798625 -0.37101861313250123 0.2189998976294173 -0.4573623709066794 0.47445587469693384 0.6762606569446867 0.038009462290741695 -0.4219798553252238 0.5319562551933983 -0.03713118775473035 -0.33640388290701195 -0.37053356884243027 -0.39800101808236177 -0.45244083979289357 0.042159240916276194 -0.20435719342441766 0.07591112920939627 0.2754731813631984 -0.034282083000664605 0.5094054845475282 -0.44887459449139183 0.5645968685389017 0.5616434553424475 
-0.25859710631401267 0.4210817156105789 -0.08930679749675327 0.0633844885312613 -0.09822046421163287 -0.10365718801763857 -0.020520189770031384 -0.39294321973665164 0.046065018599312085 0.038009462290741695 0.6493709449811176 -0.3705832236583552 0.02516560624990272 0.47054701230435003 -0.08404891428443952 -0.07776806230765611 -0.32494488398177274 -0.388973997519638 -0.02763116696472843 -0.056584813409447314 0.4038409533074715 -0.025348974698147196 0.4497104846181774 0.044434497123347474 -0.395165580566583 0.05297690975335004 0.049707489567879605 
0.9279029635416 -0.3680186552754998 -0.4306811712137757 -0.41148206056352565 -0.4653690676623182 -0.4467002539591519 -0.26865472169016424 1.4028487276921626 -0.4306844890089694 -0.4219798553252238 -0.3705832236583552 1.6023844291459024 -0.3946370461185575 -0.34653228430797595 -0.4524860186258982 -0.4274538417057119 1.2812968631869481 1.4804468172804532 -0.3940874758501412 -0.41359631494002475 -0.34949837964352426 -0.1786679885511447 -0.35427483431777734 -0.37979474670906244 1.4319625877936846 -0.4145192738596203 -0.4071406856543304 
-0.199626051049606 -0.06150025318431867 -0.3779464486308539 0.5162927968236865 -0.33430968809987016 -0.358920447257149 0.22538481798677457 -0.4039523126484059 0.4107359467886211 0.5319562551933983 0.02516560624990272 -0.3946370461185575 0.6592212526841562 -0.04167908917320707 -0.30971553997299417 -0.35487550584561317 -0.36729310566255163 -0.4222154143574776 0.011223213924707995 -0.24031634132209348 0.051900129222283424 0.29618412175867703 -0.03508323353734246 0.5409618101477854 -0.40597731197489684 0.5253409682798093 0.5136808697751362 
-0.2826134250799888 0.46383905444826046 0.004440991689415548 -0.03510385012794972 -0.023473798551911732 -0.01643901032786502 -0.0588012444112531 -0.3519988498947161 -0.03953194776798046 -0.03713118775473035 0.47054701230435003 -0.34653228430797595 -0.04167908917320707 0.6443199072822273 -0.02961793143246977 0.009339818808143111 -0.30529801567940995 -0.3677364830966891 -0.024180431596955276 -0.03715198600775118 0.4283296858233103 -0.06885756482407968 0.5145310800532522 -0.02812490325963406 -0.36926647135683016 -0.03431769478009996 -0.03749138097746075 
-0.414708007587107 0.07816240530465476 0.8859655083824227 -0.32178655464209116 1.0063461938749327 0.9958591398874077 -0.158147755056836 -0.4850401868175482 -0.21818030254490475 -0.33640388290701195 -0.08404891428443952 -0.4524860186258982 -0.30971553997299417 -0.02961793143246977 1.3213275491310559 0.881648237487315 -0.4414065425233703 -0.4440512939469256 0.08576093308715188 0.23319343331620615 -0.09700565579258015 -0.24167493646857688 -0.01920950418739083 -0.3047579741932791 -0.48187232855093026 -0.32715257433576533 -0.32099749660103194 
-0.39185412980107653 0.11211426540191434 1.1423120736889598 -0.3658869446605558 0.9979418983594746 1.0485223642781294 -0.21712117943960044 -0.43144921153235 -0.2587134566046388 -0.37053356884243027 -0.07776806230765611 -0.4274538417057119 -0.35487550584561317 0.009339818808143111 0.881648237487315 1.2176390485383013 -0.42417683192193306 -0.417729029848707 0.007251748509227551 0.14946429330243735 -0.06383826087261164 -0.28404735008607257 0.042015390614855486 -0.35844627742350504 -0.44945770081783876 -0.35379948019353374 -0.36109830708492135 
0.8718171493515875 -0.3443678871371058 -0.4262514767236973 -0.3841175488442978 -0.4336421926569422 -0.44075724880668277 -0.25790412589924633 1.3581786285992428 -0.41108953552189903 -0.39800101808236177 -0.32494488398177274 1.2812968631869481 -0.36729310566255163 -0.30529801567940995 -0.4414065425233703 -0.42417683192193306 1.5187915235059222 1.3225848678258043 -0.4074491185376767 -0.42213209404241114 -0.3119704353570443 -0.17463248430089626 -0.3175305543358386 -0.3456151775335552 1.3608807450704496 -0.3875011825691188 -0.38746831742214544 
0.9525108044513261 -0.38085259481196754 -0.4246009865486846 -0.44811780898701775 -0.44418227535356963 -0.4369919759851083 -0.27317559574490635 1.4692531271575955 -0.45473354787864756 -0.45244083979289357 -0.388973997519638 1.4804468172804532 -0.4222154143574776 -0.3677364830966891 -0.4440512939469256 -0.417729029848707 1.3225848678258043 1.680489101008634 -0.3875901188701474 -0.4044740926371458 -0.3716906848038735 -0.19922322680526283 -0.3872621214282236 -0.4039433307149632 1.4877786786874092 -0.4444207976174115 -0.4386571796619593 
-0.25063682011994537 -0.03791400466407795 0.003655323837709753 0.008969421241339402 0.04462802291660482 0.04588159400197571 0.30953828531735483 -0.42455750437400325 0.0337528873694107 0.042159240916276194 -0.02763116696472843 -0.3940874758501412 0.011223213924707995 -0.024180431596955276 0.08576093308715188 0.007251748509227551 -0.4074491185376767 -0.3875901188701474 0.7586474102061532 0.8916983877297042 -0.027393024891663287 0.12039236963406609 -0.03300907693832983 -2.614464585074329E-4 -0.40040116473642395 0.021187542090638216 0.030364973220279003 
-0.26860885723535466 -0.049280560365152486 0.1694967351008656 -0.22812429670757917 0.20094721269341986 0.22186400576570664 0.4024035331676163 -0.4421275157484666 -0.13847954530284642 -0.20435719342441766 -0.056584813409447314 -0.41359631494002475 -0.24031634132209348 -0.03715198600775118 0.23319343331620615 0.14946429330243735 -0.42213209404241114 -0.4044740926371458 0.8916983877297042 1.835884462022278 -0.09159244705845074 0.061964080670930274 -0.0497787578119805 -0.2781045302239502 -0.4028459777331529 -0.23085349521319432 -0.20850732458574478 
-0.2499880461558036 0.3663197859953142 -0.07554211068550332 0.07518341983294216 -0.0983518330238176 -0.09366974975398389 -0.025256848595860106 -0.3589618094465167 0.05845759723968009 0.07591112920939627 0.4038409533074715 -0.34949837964352426 0.051900129222283424 0.4283296858233103 -0.09700565579258015 -0.06383826087261164 -0.3119704353570443 -0.3716906848038735 -0.027393024891663287 -0.09159244705845074 0.49152260824091476 -0.017718165921753376 0.40943263584479467 0.07510549612162344 -0.36064679712629594 0.08156132982973739 0.07555947846181338 
-0.07080556890662541 -0.09018811530043282 -0.279782879207188 0.26937978494660736 -0.26879603294001364 -0.28064439215225834 0.20755823569310108 -0.1826232507775666 0.1959400453510983 0.2754731813631984 -0.025348974698147196 -0.1786679885511447 0.29618412175867703 -0.06885756482407968 -0.24167493646857688 -0.28404735008607257 -0.17463248430089626 -0.19922322680526283 0.12039236963406609 0.061964080670930274 -0.017718165921753376 0.34744075749724296 -0.06257368544839297 0.28865362839016234 -0.17820554565369043 0.27204061426851 0.2687633424685092 
-0.27951068743254126 0.443612131818288 0.030156917109485946 -0.03112885036174295 -0.008275005510405133 -0.006331658782793913 -0.059392516076517805 -0.3577413282595287 -0.03294038710661772 -0.034282083000664605 0.4497104846181774 -0.35427483431777734 -0.03508323353734246 0.5145310800532522 -0.01920950418739083 0.042015390614855486 -0.3175305543358386 -0.3872621214282236 -0.03300907693832983 -0.0497787578119805 0.40943263584479467 -0.06257368544839297 0.6106281519820292 -0.012095031412882075 -0.3738596536470613 -0.019432952956853523 -0.02637486948799641 
-0.1928414009730035 -0.04301592058536194 -0.37124478346310924 0.5015892493123353 -0.34002217208508423 -0.37401710632348484 0.2090588188920127 -0.39231074774647134 0.3884669674889059 0.5094054845475282 0.044434497123347474 -0.37979474670906244 0.5409618101477854 -0.02812490325963406 -0.3047579741932791 -0.35844627742350504 -0.3456151775335552 -0.4039433307149632 -2.614464585074329E-4 -0.2781045302239502 0.07510549612162344 0.28865362839016234 -0.012095031412882075 0.6626990239819255 -0.4024073319305888 0.5048449220713963 0.5017829829594177 
0.9781616922584017 -0.391579643713071 -0.4564578965257121 -0.44656953703700547 -0.4707688810417181 -0.4576512660900577 -0.27492158041278075 1.5635348557126731 -0.4547997697873424 -0.44887459449139183 -0.395165580566583 1.4319625877936846 -0.40597731197489684 -0.36926647135683016 -0.48187232855093026 -0.44945770081783876 1.3608807450704496 1.4877786786874092 -0.40040116473642395 -0.4028459777331529 -0.36064679712629594 -0.17820554565369043 -0.3738596536470613 -0.4024073319305888 1.670230555446969 -0.4373152756573336 -0.43350480611887515 
-0.20228015263934415 -0.04386853516803863 -0.3714555183325684 0.5555299402293007 -0.33432594039077757 -0.36195856511583907 0.19779474156426596 -0.43481481769201236 0.4784031647186942 0.5645968685389017 0.05297690975335004 -0.4145192738596203 0.5253409682798093 -0.03431769478009996 -0.32715257433576533 -0.35379948019353374 -0.3875011825691188 -0.4444207976174115 0.021187542090638216 -0.23085349521319432 0.08156132982973739 0.27204061426851 -0.019432952956853523 0.5048449220713963 -0.4373152756573336 0.5860636249617611 0.5576756302151502 
-0.19592830064422015 -0.04608866792926865 -0.37160510556394727 0.5539774113074373 -0.33580258013508835 -0.36276017912117253 0.19851067010249446 -0.43059874539781395 0.47738720084558717 0.5616434553424475 0.049707489567879605 -0.4071406856543304 0.5136808697751362 -0.03749138097746075 -0.32099749660103194 -0.36109830708492135 -0.38746831742214544 -0.4386571796619593 0.030364973220279003 -0.20850732458574478 0.07555947846181338 0.2687633424685092 -0.02637486948799641 0.5017829829594177 -0.43350480611887515 0.5576756302151502 0.5749704421198254 
