-0.25213134815012045 -0.013859184060784435 -0.03290602176188662 0.024604218636071224 0.03675371584083233 -0.08320763339376143 0.030700693613933776 0.13377941765317947 0.16279305240076708 -0.324735545383115 0.09603895363389807 0.265274458621155 -0.33675122514891387 0.10999542644561963 0.673220354999061 0.14399181588327956 0.0417158892956552 0.07475390518424219 0.008312020681962243 0.17673639411056005 -0.06168485161605403 -0.06395671181604809 0.10957187786381081 0.003356966179595883 0.024938795779426527 -0.014911289839933511 0.19245008972986885 
0.09804929200609593 0.01795121642095499 0.2647303377726318 -0.26223063002183417 -0.024819602490785395 0.00977548968143795 -0.0739029037720021 0.042061016166110514 0.018894084788451036 -0.038765788721144966 -0.17753128700709844 0.0732856812081909 0.13241287706084215 0.5314530307137884 0.08860608383333969 -0.6246558577113687 -0.03000777377292836 0.07698629912421873 0.23282714237016508 0.012106648998066872 -0.016803365781408362 0.0617768476426896 -0.05173415196949549 0.03478832070356864 -0.01560499604017617 -0.007547124923396659 0.1924500897298801 
0.14370387889846822 0.3473973704435806 0.05244795668843069 0.16750667522580723 0.479370329953573 0.06499413162504804 -0.03383094415646671 -0.12639462450197048 0.06942167231890306 0.0950220792972051 0.3467094737986647 0.07955271200758479 0.07369767725475189 0.18277950238129642 -0.01933784170037225 -0.03784123591487928 -0.21117187780455252 -0.3146090817518448 -0.3128658178716449 0.0817833521526399 -0.3225404539992485 -0.03176569275066648 -0.06191850458396293 -0.016226822267936758 0.03093584196789932 -0.02014422457050509 0.19245008972987063 
0.09179966794138125 -0.24171531693199788 -0.0017351276423107167 0.16899009420968825 0.012878825252723405 -0.10996243551791893 0.007405379559674138 -0.07887990259207561 0.09475387684281465 -0.09423965217480434 -0.04159392968593388 0.24509604223309175 0.051247675850602706 0.07120904411462041 -0.17440531571229406 -0.005368894134349752 -0.15023708839554795 -0.020705655169484406 -0.21214821806482717 -0.08026597590890946 0.29524744568639466 0.33871203075969414 0.4691327525227976 0.21045785395949762 0.43525613539450514 -0.032209873426312874 0.19245008972988126 
0.14770680696834754 0.32886164883092706 0.013004675838471848 0.18224566678409695 -0.12507176600530256 -0.060209547142063495 0.10185617537577789 0.09998272830525529 -0.044073080270058865 -0.20053282198691194 -0.4581959073450229 -0.26921870205772896 -0.1516233944334278 -0.12208889665406619 0.04879748087434131 0.008649350208789076 -0.12556242182091745 -0.06666213390345814 -0.05244975326652994 -0.15364385201277161 -0.17706299835837908 -0.09160150213166836 -0.124314190535584 0.5321807618290053 0.10013329243686643 0.006159138679492689 0.19245008972988345 
0.14619495653175119 0.34134522844503684 0.012867494084441568 0.17110578814844113 8.223666294399421E-4 -0.0498653786205148 0.0357418985517305 0.10737242961175125 -0.0021937587546201295 -0.1382253870131213 -0.3466571141035032 -0.10162832330825362 -0.13781570763702927 -0.026470630328881944 -0.08175856657564035 0.018958949759488534 -0.01143670449623577 -0.09566533274052218 0.02695495806728634 0.08105033193016885 0.1574779461281669 0.167347835747919 0.22697916020796138 -0.6815515952615959 -0.1362755012198705 0.0016417989121822933 0.1924500897298688 
0.060139847937354274 -0.10728090493392999 -0.2328097258499997 -0.05750936740992756 0.01203496321488972 0.2951029813747968 -0.01757980280808626 -0.0636801191095217 0.07351688010724432 -0.11224114835116972 -0.010481858708571415 -0.21424877987560648 -0.050393859548284035 0.4379901724275531 -0.07317342129680611 0.2626636907480454 0.5588729314565998 -0.32867023937612116 -0.011021965584801025 -0.1568587094524429 0.11300786437671485 0.013014635504991321 -0.027616391991722826 0.07609205024261875 -0.03534838326614912 0.01289163257244781 0.19245008972987218 
-0.38430121853004345 0.05110974573269087 0.01381693486852491 0.01601793678588548 0.052741736013301635 0.03659644033086378 0.2212695570787399 0.4934725850781726 1.837750528967646E-4 0.0519675531357636 0.07486063978470954 0.00414997312820934 0.07943005761970251 -0.011983326555848573 -0.08392151842699987 -0.08127184284403591 -0.029617579713394168 -0.009377890150856985 -0.2786332025476499 -0.05203835419744779 0.36494190791882813 0.2016108869384334 -0.4786935488778122 -0.01950405521740441 0.04999719295385211 -0.005477072729463755 0.1924500897298822 
0.09986217280184322 -0.19592451022902163 -0.018917873985536928 0.16768987746189867 0.00695473388098432 -0.7358933455394655 0.04505273050174423 0.04164238832318045 -0.1021116378639844 0.2317562461561065 0.2239543106297292 -0.39587120670154047 -0.06994726816274562 0.1023451077698621 0.0757741870841191 -0.047822974479120754 0.14075337674318752 -0.05058606260607615 0.09888825491590057 0.03739044899071194 -2.745372739670406E-5 -0.03726563253042239 -0.047412556123938805 -0.04806875790299096 0.08278753877013773 -0.004841672620916279 0.1924500897298746 
0.09368071784520796 -0.246449936999248 -0.01983613533986976 0.16549224328919307 0.02002524546287674 -0.041521990017499254 -0.022952641791371662 -0.034641252812869706 -0.06294346263283004 -0.07141099171379932 -0.2530555469465934 0.35496044005245625 0.11072799250118523 0.061271650174851 -0.13741426023813386 0.13547169706265044 0.025940832071854585 0.10213049378402408 0.012754506735217658 -0.09940055251159088 -0.14396478740476903 -0.47504245116038163 -0.35277056222271636 -0.2915831773639415 0.36294845765384165 -0.02708012797227258 0.19245008972988095 
0.09167727706916586 -0.05366769101426007 0.2591206814992423 -0.3009309035594711 -0.07513665914444825 -0.09734687316290891 0.004880607235089254 -0.11190664490313622 0.2924209430252821 -0.6137287220876207 0.31501876827202707 -0.18847285002370112 0.019131975725998795 -0.2639002197407467 -0.25649882788905365 -0.049873556702193615 0.04025754844901275 0.054025697256464 -0.08448924087560024 -0.012308816215227144 -0.026368834532923387 -0.07195614844630545 -0.08982126056436128 -0.07284449468213111 -0.002994691773767456 -7.266074073115284E-4 0.19245008972987157 
-0.3700834959897778 0.04446660610498217 0.0037888921484609877 0.01177598023907853 -0.021246973741839505 -0.04965527514355256 -0.5201182725708977 -0.2963049501956541 0.08344121019790504 0.1884007676557729 -0.09648588982485423 0.10060272246400788 -0.48600031982219444 -0.16762589996578972 -0.210080350143539 -0.22215871465177217 0.09985031969485887 -0.11739054630172611 -0.025146291532883377 0.010509003753324154 0.05685351193488804 0.002621299756172538 -0.11608307421367196 0.04073995835821355 -0.0063571174313867785 -0.007442203661894621 0.19245008972988512 
0.08495190542560715 -0.23595312585206565 -0.010725907717559815 0.17608144545080825 -0.00973697352347534 0.27189690421756096 0.01273330668339913 0.058795239467590646 0.10075838676279211 0.106904380515518 -0.10025052032699167 -0.15555280226304638 0.06473081072630092 -0.1850082199841951 -0.010551981052310389 -0.09313455240977853 0.2508587290293387 0.2186761043078201 -0.05164128363255258 0.5684731127954099 -0.3581179107837801 0.3176351157400179 -0.07510391288362203 0.00937764861513507 0.12487597865418404 0.03519576613925747 0.1924500897298816 
0.08895872983878134 -0.011528802690649343 0.2800520696117664 -0.33323202485831144 -0.010977787517540189 0.030792110161755287 0.005475400715058925 0.02627349713498992 -0.12155730625186793 0.24411657268260104 -0.13469686323994576 -0.07477901831791176 -0.03818903604124496 0.055961877262544445 -0.02696653595226703 0.22053075057375576 -0.05493399973351031 0.03281387777467286 -0.32064949525377784 0.4391630488574008 0.29554920251268807 -0.41678673857493753 0.17483218843076428 0.11377278107376332 -0.08434666320066372 -0.011796091550650074 0.19245008972986816 
0.14884447676493331 0.3138453007488079 -0.014782986260065637 0.1670347960498074 -0.7686382591536176 0.05012743738701387 -0.04209403608989407 -0.021862497346603855 0.0762910801029745 0.17722097019998378 0.33385294897133344 0.21298525687797704 0.09812182165695513 0.0769883492144933 0.008818684951250811 0.05400291817990978 0.0377068474072832 0.036001895124850414 -0.02786751350797764 0.024203195011202577 0.005713566210346723 -0.011366410588759378 -0.03975743062057778 -0.0024417633618042025 -0.007429754023382966 -0.011897683788423314 0.19245008972987393 
0.14192436893910243 0.33600744647028974 0.05918415244662369 0.1628260410697141 0.37351959674623936 0.04605067638414762 -0.04808022708544229 -0.07285636126927515 -0.04489504484227367 0.03064788988141059 0.14257449140793355 0.10777027637272807 0.1139922700103603 -0.17545427550548126 0.006936883683851369 0.04073525024696668 0.3224477796102237 0.4274603593151476 0.3516483011305069 -0.03545836159276788 0.35046348257953275 -0.06108762157156048 9.751233196992748E-4 0.1769144422097681 0.006443639942233069 0.027532631498979783 0.19245008972987848 
-0.351136194675156 0.037210330649014384 0.028826116334052028 0.005359409687755207 -0.05612402632839156 0.03368471331306045 0.6373863387375818 -0.6149359540337083 -0.18444252558986846 0.022799001255366533 -0.04107802631980403 -0.023632210515571076 0.013620617354454788 0.028085642051906903 -0.006961687242466413 -0.04459271695721409 -0.022576532085302685 0.0350055010692465 0.04859682206681616 0.02257442258902829 -0.01973110784855648 0.03591719307627577 -0.0037582222833968996 -0.041746485343896474 -0.027220060761873402 0.012262459629815356 0.19245008972988226 
-0.38165337066247434 0.05692710326106074 -0.00861337649157936 0.013657197356129476 -0.03083583701981269 -0.0457832269302688 -0.4514551607524697 -0.14140693557804743 -0.0497235501711046 -0.08358551687547817 -0.11008732932066376 -0.28190390255741277 0.5653457939729981 0.07551033558193779 0.1661750828186003 0.2645496462314914 -0.17763750209273527 0.12464006594987136 -0.019289496127320276 -0.0471881383659681 -0.04606496289855303 0.08272548716101445 0.043856158240930976 -0.04864408166121338 -0.005169690956204191 0.003228034249014469 0.19245008972987454 
0.10215560077949605 -0.002963863197162312 -0.387375877745878 -0.20242175234464235 -0.025271066250254097 0.07404581313032678 -0.13770578531307257 0.06159610296102911 -0.7635264454908472 -0.23987559614351708 0.1892244005929157 0.04129853496403571 -0.09267959489531531 -0.07368814800013594 -0.024213866174488972 -0.13571625388945363 -0.060044735246701904 0.04383939856124235 -0.06515600362831672 0.06214393486652177 -0.04229391969269496 0.06152732140331377 0.029188068924382055 -0.009656489967325838 0.037437456653661536 -8.855961264637902E-4 0.1924500897298791 
0.11258747454892476 0.10618352913912939 -0.6514624547999002 -0.4357516721014486 0.06034470429955143 -0.16798614080653904 0.10014271803584937 -0.0438293829294142 0.39574334259450716 0.18824168226127 -0.1405651395380005 0.08407034330570567 0.14906384947038076 -0.15497608972591947 0.048706681526501636 -0.0741484014455062 -0.06902582585476286 0.04391164831181183 -0.01584354527174275 0.005858928910331147 -0.005066971399969178 -0.021418664840680612 -0.010123978463349633 -0.003928882337500944 -0.013367806523399167 -0.013325540505337725 0.1924500897298746 
0.08579537246583031 -0.05696496784608232 0.23738586518201943 -0.24057440399702204 0.0054133360013394125 -0.03179431817754132 0.004005443913445091 0.039228795444584706 -0.09780783204386799 0.08443274506444938 -0.03098659651390131 0.215219417439049 0.09332999305560602 -0.243556188220931 0.07200456888900564 0.28268101694280534 -0.08986939935804594 -0.5222835875141445 0.4776742792209859 0.10152395665594505 -0.0025182459469136644 0.2604745146766224 -0.15233169092744678 0.05888468976383863 0.06636200959287561 0.013026045176924399 0.19245008972988395 
0.03417677959423674 -0.1437972993135619 -0.11411632768311536 0.04138662781906643 0.024083029574128778 0.27882502753218025 0.009403054469200797 0.05886693256137231 0.14192409193552302 0.08854194800654125 0.17413682797296381 -0.262702384640525 -0.330414100785247 0.20889684799571517 -0.1657738475956128 0.19252539653611878 -0.5532000966871766 0.23317811242902853 0.3626544556079718 -0.01736046664232292 0.04970635669523456 -0.020628625635698648 -0.053482302040591394 -0.02552657098018069 0.03207017215212761 0.013012572155385883 0.19245008972987887 
0.09154827593801092 -0.009368457420176517 0.27577188871834785 -0.306748892282447 0.032708816479464435 0.055448891815949024 0.021958456573885492 0.05691353824134067 -0.07191345846614874 0.30321282472543315 -0.007333062638949925 -0.006112779878267196 -0.1791683540865595 -0.07328474426098279 0.13198644293138545 0.1712995780029765 0.124380403039042 0.28811188175285646 -0.21667767302527557 -0.5323057679625153 -0.29344045804844054 0.22630927324157726 0.08262751541368694 -0.13592935269412945 0.059083512729546046 0.01228681762107922 0.19245008972987337 
0.08143283826688795 -0.23365209305710868 0.013727023029057792 0.16532307726225165 -0.029529327554162977 0.3464921287092957 -0.0043517625666469354 -0.016948231277757485 0.03531660814915234 0.11717165933787434 0.08265121369473277 -0.21554767590319282 0.11323188797978172 -0.3542773216163957 0.38726898593342296 -0.3583378840633182 -0.0583694261383141 -0.25193840073288093 -0.015236994667150656 -0.23110978080852684 0.19733726510824104 -0.2768658307770858 0.12720721054930254 -0.11204527903278143 0.04568058796652313 -0.032473241265969774 0.1924500897298743 
-0.3869172808914443 0.04836152945532677 -0.00823059628217645 0.006242966331032641 0.007951070072617781 0.0085367117777829 0.11964693973424537 0.4043085653585578 0.005411076007380867 0.05339058394918618 0.07513598245543593 0.06094736236482872 0.10244535570568063 -0.0529879989846027 -0.3398020442145381 -0.06995655115489208 0.1259551116309018 -0.08504347756004518 0.2232898874095165 -0.05211040241886555 -0.3260498295647666 -0.2742918075856978 0.4742774750037964 0.06223685490057779 -0.030814495136936165 0.004005710690318603 0.1924500897298576 
0.09107618512861655 -0.23902072467520216 -0.0019250092109630427 0.16536645050372278 0.03228793500716221 -0.05500415606599295 0.004089623878587796 -5.063107376796662E-4 -0.010468816770498636 -0.03253966247603305 -0.058095823106350766 0.15919461830248968 0.04488394038764615 -0.0247046412765202 -0.060080760202330115 0.04041544058913857 -0.04576224263522057 0.05494423069637941 -0.04530009516525806 -0.06983979223599995 -0.035380357261129564 0.0659252536280387 -0.03520527734997157 0.10611159266063337 -0.5801313543196123 -0.6794526264688011 0.1924500897298563 
0.08995628320897521 -0.23752017748054813 -0.011286667451228052 0.16069315426465683 0.019497874300515253 -0.07413913692320478 -0.009676787751585036 -1.4006901934259642E-4 0.004786838861406064 -0.033946071197779704 -0.04706311658812214 0.18526279670124712 0.04756826422773346 -0.012480385313674748 -0.037354613108028165 0.008403935392497619 -0.0792865625925903 0.016452937165281265 -0.08918403818304514 -0.08362780929596028 -0.00918204028608706 0.018436143133099794 -0.01852047482481922 0.08478388757858557 -0.5138900979943595 0.7289683695326796 0.19245008972987604 
